cscripts/mdenoise/my_dem_utm_out.asc
ncols          177
nrows          161
xllcorner      1089342.737913
yllcorner      3779872.173748
cellsize       27.719568
NODATA_value   0.000000
[rows 72 to 95 of 161, columns 110 to 164 of 177]
1317.312744 1321.764893 1326.877808 1330.366943 1332.326416 1334.610474 1335.409668 1312.932617 1309.102173 1302.797363 1298.309814 1298.017334 1296.666748 1295.688232 1295.336670 1291.626831 1286.859131 1283.300781 1277.214111 1264.483032 1244.756470 1196.062134 1186.975098 1190.605835 1201.711182 1205.633423 1215.791382 1223.244019 1226.377563 1224.784668 1223.211914 1225.962646 1229.832397 1232.373535 1222.736206 1213.962158 1206.144287 1194.200562 1177.919800 1160.921143 1140.861816 1118.737671 1102.902466 1095.873901 1092.984009 1091.272461 1092.993896 1098.448975 1110.901611 1117.760498 1123.908203 1128.872803 1138.848389 1156.013794 1174.949951
1293.071167 1294.897461 1300.683350 1306.763550 1310.884277 1314.062378 1315.777344 1315.118896 1309.102173 1296.055298 1299.318115 1305.452026 1311.063965 1315.102173 1314.652100 1307.370728 1295.862305 1283.765137 1269.126465 1249.442749 1227.087646 1189.941895 1183.880981 1186.931152 1195.381592 1205.633423 1215.791382 1201.300537 1203.162964 1202.740601 1201.338501 1203.154419 1209.278687 1216.244995 1218.599365 1208.647583 1205.844727 1199.125488 1186.226685 1169.956177 1148.458740 1123.842896 1104.668091 1095.873901 1092.984009 1087.952637 1088.331055 1094.096924 1106.959106 1116.671753 1128.474243 1139.922729 1154.934326 1172.133423 1189.501465
1269.492432 1269.207031 1273.148315 1278.826172 1284.467773 1288.902710 1291.329712 1292.286499 1293.619507 1296.055298 1299.318115 1297.996948 1305.769653 1312.121094 1314.159424 1308.881958 1296.098755 1278.805176 1259.265381 1236.773193 1214.111938 1196.528687 1181.416138 1181.375122 1185.586914 1191.697632 1197.182007 1201.300537 1203.162964 1177.765259 1178.144897 1179.973145 1186.376099 1193.485596 1197.157104 1195.873901 1194.048706 1189.930664 1179.465088 1164.963501 1146.837402 1125.947876 1107.537964 1096.838013 1092.025635 1087.952637 1088.331055 1092.634644 1101.204224 1125.973633 1143.392578 1160.578735 1176.499634 1189.168823 1201.710083
1251.890625 624.894226 625.701233 1255.605835 1261.362793 1266.823364 1268.830322 1268.469360 1270.225464 1273.799438 1287.788086 1297.996948 1305.769653 1295.864746 1296.800659 1290.919067 1279.497192 1266.237061 1251.379395 1232.154663 1212.189209 1197.277954 1187.011597 1174.861328 1174.829834 1177.575928 1178.332397 1177.412964 1177.018921 1177.765259 1178.144897 1161.330811 1166.082031 1170.721191 1174.014038 1175.404785 1175.299072 1173.139038 1164.248901 1149.737915 1134.093384 1119.551025 1105.670898 1095.148315 1088.824219 1084.590820 1085.601929 1092.634644 1101.204224 1110.668213 1144.699951 1162.756470 1178.846558 1189.605469 1198.528687
1236.268311 1233.693481 1235.649292 1239.076416 1243.166504 1246.234375 1246.031372 1245.619507 1246.692505 624.753723 628.102234 1281.781616 1290.135132 1295.864746 1296.800659 1265.883545 1259.267212 1252.950439 1243.200195 1228.519897 1212.684692 1198.839600 1185.310547 1173.999268 1165.730469 1164.648560 1162.504150 1159.996582 1158.209717 1157.419800 1158.668457 1161.330811 1166.082031 1149.178711 1152.378296 1153.753906 1153.083618 1153.451538 1143.318481 1128.905884 1116.277832 1107.691040 1099.133667 1090.897949 1084.380737 1080.752686 1081.960693 1088.504883 1097.994385 1110.668213 1117.688965 1149.607056 1163.821655 1174.962524 1185.439697
1220.010010 1216.073364 1218.048340 1222.612671 1225.181885 1224.694336 1221.881836 1221.226074 1222.997559 1226.229980 1232.374512 1243.153198 1264.124390 1268.651611 1270.061523 1265.883545 1259.267212 622.163635 617.658691 1221.675659 1207.448853 1194.237305 1180.061646 1169.315552 1164.243530 1154.120728 1150.515015 1149.543823 1147.939087 1144.703613 1142.984619 1143.440918 1145.840576 1149.178711 1136.169434 1134.520264 1133.223755 1133.131714 1130.339600 1109.548096 1102.631226 1100.041260 1095.977661 1089.166992 1082.902588 1079.457031 1079.269287 1083.521973 1091.564697 1102.970093 1117.688965 1134.013794 1144.149780 1156.018188 1171.290283
1220.010010 1201.611206 1200.685425 1204.811035 1207.636108 1206.674683 1202.190308 1199.407104 1200.949219 1204.770386 1209.551758 1216.999390 1226.838745 1240.555908 1244.788330 1247.334229 1247.848267 1244.327271 1235.317383 1213.766479 1200.348633 1188.464233 1177.782471 1169.955200 1164.943481 578.816223 572.828674 1145.955200 1145.161011 1140.141479 1134.712158 1132.451782 1133.061279 1135.212646 1136.169434 1134.520264 1120.284424 1118.863770 1116.185669 1110.214233 1102.756958 1103.790894 1101.613159 1093.542358 1085.142456 1080.557983 1079.066650 1080.775757 1085.133667 1092.065674 1103.500244 1118.358398 1132.388184 1156.018188 1162.311401
1207.543701 1201.611206 1200.685425 1190.187378 1191.769287 1190.739014 1187.788452 1185.462646 1185.192993 1188.182129 1193.232422 1200.024414 1206.592407 1216.263672 1220.475952 1224.155273 1229.409790 1231.066650 1225.364380 1213.766479 1195.937988 1186.537354 1178.774658 1172.733521 1166.692383 1158.959473 1152.774902 1150.261108 1149.864868 1145.435303 1139.470825 1136.318481 1135.089722 566.767883 564.881287 1123.940063 1120.284424 1118.863770 1115.090454 1111.792725 1111.807495 1114.634766 1111.998657 1101.865845 1089.819336 1082.479614 1079.549927 1077.919922 1077.639771 1079.988525 1088.243408 1101.657349 1115.280029 1128.481445 1162.311401
1202.070435 1193.032227 1189.263794 1190.187378 1191.769287 1178.499023 1176.500366 1175.336670 1174.955566 1177.650757 1183.033569 1187.798828 1189.487671 1189.771606 1195.610229 1199.007324 1205.247070 1211.110352 1211.511841 1205.627808 1195.937988 1186.537354 1179.903687 1174.908325 1169.653198 1165.016968 1162.942017 1161.920654 1162.115845 1160.667236 1156.139038 1151.530151 1146.820557 1141.306763 1133.669189 1124.776367 1119.004028 1116.828491 1115.090454 1111.792725 1123.488647 562.819214 559.710144 1105.954346 1091.332275 1081.770630 1076.174805 1071.738403 1069.042114 1070.034302 1076.997314 1088.568604 1102.698608 1118.419678 1135.792725
1192.426636 1189.790894 1181.345703 1180.503418 1180.322021 1178.499023 1168.239380 1167.490845 1167.950317 1169.779053 1173.085205 1173.894165 1170.967407 1168.272217 1168.993408 1178.556274 1182.619629 1186.730103 1191.048218 1191.856079 1189.156738 1185.109131 1179.903687 1174.908325 1169.931763 1167.922363 1167.473389 1167.895508 1169.373169 1173.688110 1170.789673 1167.858276 1164.009155 1157.895752 1150.026001 1141.604614 1134.371704 1129.981689 1127.376099 1124.484009 1123.488647 1125.218994 1123.754028 1105.515137 1089.304565 1077.992188 1069.846191 1064.647583 1062.270386 531.961121 534.860413 1078.230347 1090.875244 1107.851196 1126.653198
1183.433472 1179.817139 1176.062378 1174.344360 1174.368286 1171.714600 1168.239380 1167.490845 1162.052490 1160.061279 1159.687866 1159.264526 1155.752075 1151.557251 1151.167236 1155.059814 1160.226929 1163.002319 1168.680908 1172.721924 1174.248779 1174.962769 1173.498413 1171.633545 1169.931763 1167.922363 1158.535278 1161.722778 1166.888672 1173.149658 1175.960938 1178.801880 1180.931519 1178.061890 1173.037231 1166.666260 1157.544067 1149.994507 1146.832397 1145.194458 1144.698364 1142.930786 1136.641479 1105.515137 1091.386353 1078.914429 1070.147583 1063.025757 1058.621704 1059.734009 1064.064575 1069.758179 1079.440063 1095.341919 1113.999146
1174.773071 1171.121460 1168.675171 1169.369751 1169.023682 1165.783569 1162.298584 1162.170410 1162.052490 1160.061279 1146.930908 1146.637939 1144.640259 1140.661133 1139.486206 1141.770020 1142.867432 1143.161499 1147.315918 1151.439209 1153.525757 1155.388794 1156.609985 1157.898438 1158.635498 1157.822144 1158.535278 1161.722778 1153.384277 1161.458374 1168.015015 1181.604614 1188.064331 1188.650146 1186.118530 1180.439209 1171.629639 1164.864502 1162.510254 1161.554321 1160.119751 1155.265747 1144.783081 1128.584473 1091.386353 1078.914429 1077.321411 1067.199219 1058.876587 1057.050781 1060.005615 1064.072388 1071.302856 1084.313965 1100.813354
1169.012085 1165.704224 1163.381470 1164.364258 1162.094971 1158.952271 1156.576904 1155.897949 1153.510986 1149.078979 1146.930908 1146.637939 1135.543457 1133.669312 1132.232178 1132.239746 1131.129028 1128.828491 1127.599609 1130.005249 1131.883179 1134.054077 1136.772461 1138.919189 1138.909424 1138.334473 1140.321899 1145.879883 1153.384277 1161.458374 1154.013672 1163.359985 1180.820801 1182.208374 1180.732422 1176.868164 1171.881958 1169.309082 1167.954468 1165.159912 1161.073608 1154.133057 1143.631958 1130.955688 1116.216675 1087.530273 1077.321411 1067.199219 1060.436401 1056.043579 1057.401367 1060.400391 1065.781738 1077.246704 1093.446655
1163.840698 1162.033081 1159.892578 1159.151367 1157.862305 1152.509399 1150.631958 1148.181519 1143.724365 1139.759033 1137.916626 1136.656250 1135.543457 1133.669312 1126.861450 1124.296509 1120.390503 1117.453247 1114.555176 1109.846802 1111.563354 1113.759888 1116.911865 1118.558228 1116.337036 1115.245117 1118.386353 1124.762085 1133.327026 1143.626953 1154.013672 1163.359985 1160.273315 1161.681763 1161.748291 1161.178833 1162.281616 1165.476318 1165.527954 1160.714966 1153.706177 1144.789307 1134.571045 1125.527710 1116.540894 1105.337402 1082.024170 1070.651123 1060.436401 1056.043579 1055.269775 1056.428345 1060.239502 1073.018188 1092.519775
1157.763916 1157.940674 1156.738037 1155.020142 1152.441162 1148.958374 1144.240356 1140.569458 1135.898682 1131.935425 1129.594849 1127.839355 1127.186646 1127.425049 1126.861450 1124.296509 1110.203979 1107.081177 1103.783813 1098.043945 1095.847656 1097.125366 1096.871826 1096.281616 1094.649170 1094.555298 1098.815674 1105.388916 1113.290039 1123.154541 1133.821777 1143.820801 1153.718506 1161.681763 1137.188232 1140.745850 1146.599121 1152.774902 1153.825806 1150.368042 1144.318604 1135.960938 1126.333984 1117.936890 1108.680542 1097.950195 1087.940186 1066.900146 1058.032471 1054.792603 1055.269775 1050.852173 1054.678223 1069.036865 1090.228027
1150.706421 1150.218140 1149.437012 1148.373901 1146.673340 1143.041748 1140.027100 1133.163818 1129.321167 1125.139526 1122.188599 1120.423462 1119.355225 1118.443970 1117.231812 1114.495483 1110.203979 1107.081177 1095.402222 1090.524414 1087.135864 1085.653564 1081.468994 1078.384644 1077.649170 1079.039307 1084.217896 1089.995117 1095.794800 1102.568237 1110.806519 1119.447266 1127.447388 1132.581177 1137.188232 1118.077759 1124.779419 1130.541992 1134.013306 1134.167847 1132.151855 1129.156250 1123.012573 1113.857056 1101.975586 1089.059204 1078.328369 1069.284790 1053.816040 1051.182739 1050.966553 1050.852173 1054.678223 1064.707031 1082.580444
1150.706421 1150.218140 1139.990356 1139.223999 1137.725464 1134.135376 1131.070801 1128.337646 1122.542480 1118.817139 1116.369507 1115.052490 1112.641724 1108.843384 1105.655273 1103.279419 1100.745728 1098.644043 1095.402222 1090.524414 1082.380127 1080.055542 1071.442993 1066.966064 1065.427124 1067.221313 1071.568726 1073.803101 1075.996094 1081.104370 1087.739014 1095.340088 1101.693481 1104.708984 1106.595947 1118.077759 1124.779419 1106.323364 1110.869995 1114.436157 1118.274780 1120.883911 1117.764160 1108.603149 1096.444336 1083.210693 1071.489380 1062.926147 1056.201782 1046.292725 1044.998779 1044.925537 1050.368530 1064.707031 1082.580444
1143.417114 1141.145386 1139.990356 1139.223999 1128.756714 1124.628174 1121.195801 1119.804443 1119.156616 1114.591919 1112.242065 1110.890137 1107.179810 1102.001709 1098.565430 1096.285400 1094.043335 1091.757202 1088.887573 1085.368164 1082.380127 1072.303345 1068.554565 1058.701050 1057.116577 1058.287354 1059.290161 1057.483765 1056.528564 1061.287720 1067.520386 1073.665894 1078.328491 1079.317871 1081.908691 1088.325317 1101.895752 1106.323364 1110.869995 1093.701050 1102.239380 1107.059814 1104.764404 1097.431763 1086.920898 1075.660034 1065.277344 1057.828735 1052.910645 1047.034546 1041.047119 1041.630981 1048.673828 1061.591187 1075.159424
1136.935669 1134.288452 1132.843994 1131.338257 1128.756714 1124.628174 1115.586914 1114.632690 1115.562500 1115.413696 1108.894043 1106.373047 1102.193604 1098.068848 1095.565918 1093.064819 1089.545898 1085.643799 1081.905640 1078.123291 1074.800171 1072.303345 1068.554565 1054.214844 1052.188110 1052.184448 1050.764648 1047.120850 1045.937744 1050.114014 1054.576172 1057.361572 1059.503296 1060.596680 1063.581055 1070.515381 1078.607300 1084.292480 1087.377808 1093.701050 1102.239380 1084.080444 1082.635864 1077.608887 1070.835571 1063.989014 1056.767212 1051.573608 1049.154053 1045.140381 1040.825317 1040.358276 1047.823975 1058.925537 1070.902100
1129.752686 1128.180054 1127.082397 1125.424683 1123.210693 1119.472656 1115.586914 1110.354492 1109.859985 1109.015259 1106.687500 1101.473267 1097.746704 1094.231812 1091.819702 1089.233887 1085.564209 1081.855469 1077.244995 1071.826172 1068.042358 1066.103516 1062.895264 1058.185791 1052.188110 1046.799194 1044.299072 1041.185547 1040.408936 1042.977173 1046.294067 1048.291870 1049.819580 1051.372314 1053.176025 1057.004395 1062.328613 1065.559937 1068.572998 1073.830566 1080.614136 1084.080444 1082.635864 1054.043945 1050.812256 1048.070923 1045.361084 1044.390625 1044.087402 1041.027100 1036.490234 1038.100098 1045.647461 1056.307983 1069.175903
1124.140381 1122.856079 1122.103394 1121.706665 1120.583008 1116.825073 1112.378052 1110.354492 1109.859985 1100.060791 1099.070557 1098.420410 1093.661377 1089.562134 1086.776367 1084.937012 1082.410767 1079.195557 1074.424194 1068.711182 1064.768921 1062.967529 1060.907837 1056.625366 1051.554688 1046.799194 1044.299072 1037.664307 1036.370483 1037.363281 1040.305542 1042.917480 1044.326782 1044.793335 1045.783325 1047.597290 1050.206787 1052.540771 1053.113403 1056.224243 1057.957031 1057.812988 1056.630981 1054.043945 1050.812256 1036.517456 1036.545654 1038.182495 1038.898804 1035.144775 1031.047974 1031.565186 1042.574097 1052.470093 1065.343506
1121.419312 1119.161865 1117.615112 1117.466431 1116.003296 1111.781616 1107.123169 1103.683594 1101.366455 1100.060791 1099.070557 1093.272217 1093.173706 1086.190552 1083.346924 1081.098267 1078.637451 1074.904907 1070.087769 1064.829956 1061.370483 1060.119873 1058.567749 1054.119507 1048.300659 1044.462769 1039.611206 1037.664307 1036.370483 1031.792358 1034.354736 1036.593994 1037.494263 1037.421021 1038.625610 1041.385864 1042.550293 1042.582764 1042.091797 1042.206299 1040.373169 1039.331543 1039.159180 1038.720215 1037.270630 1036.517456 1036.545654 1032.543579 1032.948975 1030.333252 1028.995361 1032.095703 1035.347778 1048.347900 1059.816284
1119.197144 1116.051147 1112.199707 1111.031250 1109.169189 1105.042358 1100.812134 1097.161865 1095.136719 1094.164429 1092.926270 1093.272217 1093.173706 1085.441528 1078.753662 1075.245728 1072.216431 1069.028198 1065.230591 1060.958740 1057.935791 1056.573608 1054.540405 1050.741821 1046.446533 1042.560181 1038.991821 1034.200073 1031.835327 1031.792358 1034.354736 1028.777710 1029.883545 1030.430420 1031.740967 1033.439941 1031.998779 1031.601318 1032.990356 1032.592529 1029.776489 1029.079590 1029.952026 1030.746704 1031.416382 1031.673096 1031.738647 1032.543579 1032.948975 1027.988037 1029.529419 1032.627686 1033.660522 1036.213989 1055.222534
1116.647095 1112.005615 1107.861572 1106.536377 1104.557739 1099.846680 1095.268433 1092.873779 1092.393677 1091.382202 1089.517212 1088.842651 1088.055786 1085.441528 1082.305664 1070.168335 1068.152832 1066.019287 1062.787720 1059.046143 1056.514404 1055.145752 1053.290649 1050.894653 1047.812500 1043.178711 1037.230103 1032.489624 1026.234009 1025.670288 1027.318726 1028.777710 1029.883545 1023.515869 1024.265747 1023.834595 1021.334961 1021.639099 1024.321655 1024.344482 1022.102173 1021.238770 1024.206543 1025.737793 1027.765381 1029.136597 1029.010376 1028.581299 1028.590088 1027.988037 1029.529419 1029.500977 1030.049194 1032.565063 1039.237549
