cscripts/mdenoise/my_dem_utm_out.asc
ncols          177
nrows          161
xllcorner      1089342.737913
yllcorner      3779872.173748
cellsize       27.719568
NODATA_value   0.000000
[rows 96 to 119 of 161, columns 110 to 164 of 177]
1112.730469 555.188904 552.620422 1103.838013 1101.279663 1096.418945 1091.821411 1090.153320 1089.986694 1089.030518 1086.889771 1084.501953 1083.261230 1081.214111 1077.475952 1070.168335 1068.152832 1065.103516 1061.966797 1058.924561 1057.521240 1056.236084 1054.068359 1051.338989 1047.309692 1041.951660 1035.457275 1029.739136 1026.254517 1023.429016 1022.278259 1021.780518 1022.707153 1023.515869 1024.265747 1016.156372 1014.244202 1014.578857 1016.322021 1016.649719 1017.167480 1018.686279 1021.978943 1023.728333 1026.044556 1027.578613 1027.305176 1026.063110 1025.529053 1026.130493 1027.844849 1029.500977 1026.124146 1027.979980 1031.045654
1112.730469 1106.820557 1105.420166 1101.071655 1098.097412 1094.364380 1090.755615 1088.557251 1087.458618 543.041626 541.956055 1081.465210 1080.154053 1077.603394 1073.839478 1070.563110 1067.109863 1065.103516 1061.966797 1058.245117 1056.911133 1054.564575 1051.086548 1045.980469 1040.343262 1036.185303 1032.231812 1027.844360 1024.932373 1024.136841 1020.569214 1018.639038 1018.452576 1018.262573 1017.530396 1016.156372 1008.763916 1008.518066 1009.171387 1010.140381 1012.581848 1016.015747 1019.360535 1021.538635 1022.804871 1023.315918 1023.046204 1022.704895 1022.617188 1023.730835 1024.878418 1025.484131 1026.124146 1027.979980 1023.154419
1109.781372 1106.820557 1105.420166 1102.939575 1095.988892 1093.092529 1090.579224 1087.160278 1084.352051 1082.521606 1081.059937 1079.490723 1076.506104 1073.022705 1070.453979 1068.870483 1067.843262 1062.971191 530.060425 529.122559 1056.911133 1049.071533 1044.749512 1039.305054 1034.558716 1032.070557 1029.530518 1026.415894 1024.002563 1022.296143 1020.489685 1016.843018 1016.419250 1015.492798 1013.579224 1011.124756 1008.763916 1008.518066 1004.082520 1006.642334 1009.614563 1012.849182 1017.040222 1018.464417 1016.942566 1017.442749 1018.403198 1019.845825 1020.836853 1021.427734 1021.904480 1021.800110 1021.793030 1022.418091 1023.154419
1108.346802 1106.361572 1105.460449 1102.939575 1099.404297 1091.340576 1088.897217 1084.722534 1080.697266 1078.960815 1078.677612 1077.094849 1072.925049 1069.369629 1067.500244 1066.687134 1066.194946 1063.553345 1056.126465 1053.926025 1052.118042 1049.071533 1039.837402 1036.579956 1033.854736 1031.330078 1028.358521 512.701538 511.453796 1019.863464 1016.457764 1014.633789 1013.866272 1012.363953 1010.223450 1007.023376 1004.040161 1003.283020 1004.082520 1006.642334 1008.058472 1011.724487 1014.840393 1014.754333 1013.053772 1014.147339 1016.186829 1017.293335 1017.836060 1017.328491 1017.323181 1018.207275 1018.594055 1018.630859 1018.846558
1107.296387 1106.442749 1105.006348 1101.855469 1098.060303 1094.078003 1088.897217 1081.657471 1077.981689 1076.237305 1075.943726 1073.359863 1069.166382 1066.094360 1064.246338 1063.396484 1062.374878 1059.639526 1055.438965 1049.398193 1047.042603 1043.503296 1039.837402 1036.579956 1033.005005 1029.864380 1026.787720 1024.190674 1021.128113 1017.986511 1014.938660 1013.160400 1012.918762 1009.789856 1007.058533 1004.409119 501.193481 500.544067 1001.463013 1004.336670 1008.058472 1011.724487 1012.362061 1011.659424 1009.945129 1010.012329 1014.236145 1014.635376 1013.980225 1012.925354 1013.567017 1015.721924 1016.749451 1016.213562 1015.279175
1105.378174 1103.603516 1101.261597 1098.689209 1095.888306 1092.231079 1085.359619 1081.657471 1076.278198 1074.358521 1073.011963 1070.402466 1066.682983 1063.666382 1061.834595 1060.970459 1060.392212 1058.078247 1053.868774 1049.617554 1044.074707 1040.075562 1037.153564 1035.182495 1033.005005 1029.864380 1025.481689 1023.419495 1020.798279 1017.733215 1015.303833 1013.518127 1012.311768 1010.950500 1007.663330 1006.043213 1003.928101 1001.391724 1000.674438 1003.188843 1007.106445 1010.345825 1012.362061 1011.659424 1006.885986 503.736664 504.814423 1011.988892 1011.233276 1010.698547 1011.925903 1013.690125 1014.150757 1012.412476 1010.251221
1103.432373 1100.385010 1096.921265 1094.572021 1093.056030 1090.255005 1085.491699 1078.917969 1076.278198 1074.358521 1072.079468 1070.011475 1066.790161 1063.608765 1061.143677 1059.905396 1060.487793 1059.218384 1054.831665 1048.878174 1044.770630 1037.830688 1034.901978 1032.979492 1030.824951 1028.089233 1025.481689 1023.419495 1022.345886 1019.098633 1015.669434 1013.469971 1011.778809 1009.586487 1008.649536 1007.470398 1004.107239 1001.314148 1000.822205 1002.684204 1005.601501 1007.884094 1009.361633 1008.571350 1006.885986 1007.473328 1007.542053 1008.970825 1009.708984 1009.717957 1010.401184 1011.027771 1010.870911 1009.527771 503.893921
1101.041870 1097.269043 1093.617188 1091.324829 1090.053589 1087.893555 1083.477905 1079.806274 1075.897217 1073.968140 1072.079468 1070.011475 1065.691895 1062.878418 1060.234253 1058.979736 1059.879028 1059.883667 1055.769897 1047.842285 1042.483032 1040.089478 1032.969360 1031.206177 1030.277710 1028.654419 1026.536133 1024.512207 1022.345886 1019.098633 1017.449158 1014.101685 1011.311646 1008.033813 1005.903625 1003.221497 1000.452026 999.743958 1000.670105 1001.862793 1003.729492 1005.428406 1006.301270 1005.479248 1004.310120 1005.441650 1007.542053 1008.970825 1008.934265 1008.329956 1008.414124 1008.451111 1008.913391 1009.157227 1007.916565
1096.798706 1093.655151 1091.620117 1089.640259 1086.789551 1084.406982 1081.743286 1079.100342 1077.165161 1072.762085 1070.364746 1068.363403 1065.691895 1062.878418 1059.576416 1058.755981 1058.729614 1058.424927 1054.271362 1046.455933 1041.238037 1039.343384 1036.769165 1031.145386 1030.464233 1029.056763 1026.970825 1024.880005 1022.809265 1020.582764 1017.449158 1014.101685 1009.909790 1005.836304 1002.892090 1001.016357 997.146545 998.325500 999.979309 1000.647888 1001.395203 1002.106445 1003.118042 1003.768921 1002.949036 1003.535522 1005.691528 1007.620300 1008.934265 1008.790100 1006.016907 1006.155579 1007.748169 1008.622070 1007.300964
1094.173828 1092.094727 1090.664795 1088.049194 1083.908691 1081.057495 1079.224731 1077.261963 1075.249023 1072.690308 1067.263550 1065.329590 1063.237305 1061.096191 1059.576416 1058.755981 1055.943848 1054.498535 1049.979614 1044.773438 1041.906128 1040.406494 1037.916870 1034.394653 1028.806030 1026.996582 1025.055542 1023.566223 1022.118652 1020.642578 1018.075867 1013.987793 1009.909790 1005.836304 1001.800049 999.863159 997.886780 997.463745 998.654541 998.119629 997.131897 996.855896 998.624695 1000.558105 1000.726562 1001.099365 1002.753296 1005.461487 1007.903870 1007.641724 1006.488892 1006.155579 1004.842407 1005.809570 1005.043640
1093.265991 1091.382202 1088.745117 1085.655640 1082.499512 1080.030029 1077.652344 1075.213745 1073.155884 1070.502930 1067.472290 1063.150879 1061.229492 1059.803345 1058.888672 1057.099854 1055.943848 1054.498535 1046.116821 1043.781250 1043.120605 1042.041016 1038.907349 1034.707031 1030.567383 1025.766968 1023.928284 1022.566772 1021.156982 1019.171997 1015.660095 1011.137512 1007.564087 1004.411987 1001.800049 999.863159 996.527039 994.699402 995.715149 994.889343 993.451660 992.422119 993.854492 996.202026 997.607666 998.394104 999.522461 1002.479980 1005.211731 1004.955933 1003.612427 1002.990540 1004.842407 1002.560547 1002.440674
1093.265991 1091.382202 1086.805420 1083.578369 1081.458618 1078.839355 1075.264404 1072.729370 1071.191650 1069.093628 1066.503784 1063.523926 1059.249634 1057.873291 1056.441162 1053.567749 1051.337036 1049.411011 1046.116821 1043.781250 1042.361938 1041.239624 1037.440063 1033.151245 1029.957642 1025.317017 1022.999817 1021.273499 1019.963928 1017.850037 1013.605713 1008.468262 1005.007263 1003.048706 1001.030029 999.024963 996.527039 992.486755 992.256958 992.001404 993.232178 993.455383 993.532227 994.277283 995.358826 996.788940 998.346741 1000.126770 1000.813660 1000.196899 999.983459 1000.284912 1000.300781 1002.560547 1002.440674
1089.295044 1089.808594 1086.805420 1083.578369 1078.403931 1075.620850 1071.912109 1070.404419 1069.863037 1067.720703 1064.656738 1061.636475 1059.145630 1055.148193 1053.191040 1050.123413 1046.710449 1043.920288 1042.038940 1041.738037 1042.361938 1041.239624 1033.363525 1029.702271 1028.236938 1027.144897 1021.547913 1018.809753 1017.146240 1015.188416 1011.380737 1006.495056 1002.890076 1001.434509 999.437683 996.914185 994.371948 992.486755 992.256958 989.081055 992.551025 993.979980 993.159729 992.489807 993.518677 996.049805 997.982178 997.898132 996.887817 996.961670 998.470154 999.369629 999.288879 1000.984558 1000.946899
1082.864380 1085.118286 1083.119263 1080.158936 1078.403931 1075.620850 1068.541016 1068.128784 1068.110840 1065.815186 1062.156860 1059.197510 1057.220093 1055.226685 1052.075684 1048.289917 1044.042236 1040.532349 1038.347290 1038.402466 1038.793579 1037.218384 1033.363525 1028.022217 1026.579468 1025.190552 1023.117310 1015.869263 1013.105103 1010.759338 1007.234619 1003.596863 1001.549866 1000.979675 998.677795 995.077271 993.139343 991.708374 990.326416 989.081055 989.619995 988.897034 988.162415 988.568054 991.255188 994.936707 996.737793 995.420898 994.370728 995.554504 997.203735 997.676758 997.618347 998.209839 999.239014
1077.208008 1077.245117 1075.716064 1074.464111 1074.135864 1071.716553 1068.541016 1068.128784 1065.256958 1063.418335 1060.039185 1056.497803 1054.622925 1053.202637 1051.773926 1046.968506 1043.644653 1040.875244 1038.360352 1036.694458 1035.170532 1033.395386 1030.720703 1028.022217 1026.579468 1023.340698 1020.923523 1018.309265 1011.585754 1008.614197 1004.686096 1001.383911 1000.159058 1000.181824 998.290833 995.018616 993.124207 991.753906 989.783325 987.955322 987.895813 988.846130 988.162415 986.608765 989.020813 992.414185 993.791443 992.871033 992.255615 993.014587 994.279236 994.772095 994.702148 995.249023 995.869812
1077.911865 1072.290405 1068.049927 1069.205688 1069.598145 1067.785889 1065.604248 1065.234009 1065.256958 1061.085815 1058.575317 1054.762085 1052.374512 1051.529053 1050.024780 1047.586670 1043.117554 1041.533081 1039.734375 1036.651855 1033.404175 1031.177490 1028.688599 1026.537354 1025.393921 1023.340698 1020.923523 1017.209900 1014.160889 1008.455261 1003.936462 1000.159302 998.484436 998.169922 997.501282 995.691772 993.133362 990.799805 988.925659 987.011536 985.685608 984.857544 984.815796 986.608765 989.020813 989.771851 990.725220 990.940674 991.227051 990.865662 991.194519 991.896667 992.372620 992.768982 992.721741
1076.173218 1068.487915 1064.237793 1065.189331 1065.336914 1064.157959 1062.473877 1061.593140 1061.777832 1061.085815 1058.575317 1054.673584 1052.035767 1050.650879 1049.133057 1046.560425 1043.620117 1039.990356 1038.959595 1036.663574 1032.375732 1028.271729 1025.352417 1024.532471 1025.023560 1023.310669 1020.219543 1017.209900 1014.160889 1011.910583 1003.400208 999.007629 996.782532 996.565979 997.040588 995.790100 992.633057 989.753845 987.919312 985.451721 983.044922 982.211975 983.338074 985.842468 987.982361 989.771851 990.725220 989.934326 990.608093 989.343079 987.919617 987.712524 988.428589 989.424011 989.772217
1070.706299 1066.252808 1064.047607 1063.129761 1061.992676 1060.914185 1059.796265 1058.851196 1058.626953 1058.291138 1057.089478 1054.673584 1052.035767 1049.012085 1047.477173 1044.888550 1041.765015 1036.943848 1036.171143 1034.485718 1030.383179 1026.009888 1024.156738 1024.529297 1024.803589 1023.217163 1020.007690 1016.479004 1014.006226 1011.910583 1008.579834 997.720703 995.080505 995.574524 996.829834 996.224365 992.952576 989.410034 986.939575 983.805237 980.768372 979.965332 981.397400 984.741943 986.255737 986.486267 988.094177 989.934326 990.608093 986.992004 985.178711 984.237427 984.495728 985.705139 986.682129
1064.212646 1062.956909 1062.333130 1061.612915 1060.432129 1058.430176 1058.359497 1057.309692 1055.947876 1054.713379 1053.896118 1052.751831 1050.539185 1049.012085 1047.477173 1042.019775 1038.807007 1035.719604 1033.406982 1030.799561 1028.034790 1026.342285 1025.389648 1024.147827 1022.896240 1020.934021 1017.931824 1014.944397 1012.505554 1010.962402 1008.511963 1003.404724 995.080505 994.468140 995.562134 995.163940 991.411072 987.688904 985.027466 982.246094 979.588013 978.772949 980.226074 982.650085 983.241577 981.846436 983.729858 986.830078 988.029236 986.992004 985.178711 982.567261 982.241760 983.504944 984.511169
1058.612671 1057.983887 1058.018677 1058.380249 1057.617554 1056.501953 1056.564697 1055.404419 1053.244019 1050.749512 1049.382812 1048.355347 1046.319702 1045.468018 1044.574585 1042.019775 1038.807007 1033.938110 1032.883057 1027.502686 1026.630737 1026.706665 1024.662842 1021.705811 1020.276794 1018.246948 1014.765686 1011.341980 1008.521606 1007.713745 1006.947571 1003.196716 997.681091 994.468140 995.562134 991.497925 987.432800 984.788940 983.147034 981.441101 979.793579 978.905212 979.669983 980.414429 979.961670 978.876648 979.360046 982.347900 984.799438 984.801575 983.771057 982.567261 982.241760 981.492554 982.461243
1058.612671 1054.243774 1053.821045 1054.960815 1055.303711 1054.103638 1053.644775 1053.154297 1051.344116 1048.604492 1047.081665 1046.516357 1044.941406 1043.557007 1041.682983 1038.225464 1035.344116 1033.938110 1032.883057 1028.277588 1026.117920 1025.211792 1022.086792 1019.031555 1018.150513 1016.567261 1012.416138 1007.900330 1005.074341 1004.422974 1004.094543 1002.343018 999.293701 996.016479 993.299622 991.497925 987.432800 982.179016 981.744934 980.665527 979.101868 978.178955 978.356018 978.456360 977.908264 976.812317 976.269165 977.903137 980.174072 981.570740 982.222595 981.838379 980.791077 981.492554 979.896606
1054.489990 1054.243774 1053.821045 1051.354858 1051.945435 525.649414 525.366516 1050.816528 1048.774292 1047.142456 1046.195923 1046.292358 1045.673096 1043.453247 1040.089844 1035.478271 1032.706665 1031.498535 1030.061157 1028.277588 1026.559937 1023.140564 1019.946472 1017.516113 1017.247925 1015.636414 1010.802124 1005.701416 1003.398315 1002.704651 1001.525024 1000.242859 998.594666 995.808594 993.648315 988.104736 984.088745 982.179016 981.744934 979.229980 977.194519 976.325134 976.497498 976.131714 975.669922 975.045166 974.384644 974.244568 975.607361 977.764038 979.216980 979.463379 978.746765 978.813477 979.896606
1050.865234 1051.133057 1050.605469 1051.354858 1051.945435 1047.946655 1047.941040 1047.872070 1044.710938 1043.242432 1042.405029 1042.145996 1041.739502 1040.022583 518.564697 517.110291 1030.995361 1027.670654 1026.015137 1026.154785 1026.489746 1025.302246 1019.946472 1016.921814 1016.109924 1013.940063 1008.992188 1004.316895 1002.488770 1001.192505 998.849365 996.595703 994.728088 992.674561 991.565918 989.801392 981.786255 980.008057 980.252686 979.229980 975.084229 974.277100 973.995972 973.164490 972.283020 971.827820 972.203674 972.498230 972.854797 975.485840 976.963623 977.317139 977.143127 977.185791 978.380615
1047.794556 1048.693359 1048.506348 1048.104492 1047.853027 1047.946655 1047.941040 1043.954590 1043.318726 1039.536011 1038.578491 1037.627441 1036.231201 1034.759277 1033.190796 1031.961304 1029.121338 1025.443604 1023.138672 1023.034424 1023.760437 1023.178345 1021.454773 508.460907 506.291199 1010.861450 1006.854309 1002.976868 1000.935486 998.978577 995.880920 992.447815 990.143860 988.836304 988.475647 987.295227 980.070190 978.720337 978.506897 977.057922 975.084229 974.277100 971.473389 970.125916 968.654053 967.783752 968.936584 970.440674 971.346008 972.284485 975.754028 976.491760 976.248352 976.197693 976.865112
