cscripts/mdenoise/my_dem_utm_out.asc
ncols          177
nrows          161
xllcorner      1089342.737913
yllcorner      3779872.173748
cellsize       27.719568
NODATA_value   0.000000
[rows 0 to 23 of 161, columns 110 to 164 of 177]
0.000000 0.000000 0.000000 0.000000 0.000000 0.000000 0.000000 0.000000 0.000000 0.000000 0.000000 0.000000 0.000000 0.000000 0.000000 0.000000 0.000000 0.000000 0.000000 0.000000 0.000000 0.000000 0.000000 0.000000 0.000000 0.000000 0.000000 0.000000 0.000000 0.000000 0.000000 0.000000 0.000000 0.000000 0.000000 0.000000 0.000000 0.000000 0.000000 0.000000 0.000000 0.000000 0.000000 0.000000 0.000000 0.000000 0.000000 0.000000 0.000000 0.000000 778.539978 781.656860 782.835815 784.367737 789.623047
0.000000 0.000000 0.000000 0.000000 0.000000 0.000000 0.000000 0.000000 0.000000 0.000000 0.000000 0.000000 0.000000 0.000000 0.000000 0.000000 0.000000 0.000000 0.000000 0.000000 0.000000 0.000000 0.000000 0.000000 0.000000 0.000000 0.000000 0.000000 0.000000 0.000000 0.000000 0.000000 0.000000 0.000000 856.908020 856.617737 854.498779 842.119019 840.754517 845.396667 852.338501 859.913635 865.113220 865.315430 858.370483 845.561096 830.873047 815.262207 797.413025 782.116333 778.539978 781.656860 767.987305 770.642700 779.657410
0.000000 0.000000 0.000000 0.000000 0.000000 0.000000 0.000000 0.000000 0.000000 0.000000 0.000000 0.000000 0.000000 0.000000 0.000000 0.000000 0.000000 0.000000 734.740173 731.970032 729.021973 728.180786 731.722595 739.216553 756.261902 765.514954 779.223511 795.389587 809.032776 821.433167 834.894836 846.711914 853.985107 856.564575 856.908020 856.617737 844.869629 839.391541 833.385559 837.531494 842.000061 847.050354 852.542114 855.716125 849.952332 836.913269 824.746826 813.442139 798.781311 782.475159 772.059204 768.515930 767.987305 770.642700 768.284241
0.000000 0.000000 786.007446 787.270874 783.374512 774.015625 762.904114 756.391785 759.229126 765.964905 768.318665 764.791931 744.502747 735.497681 735.170898 739.412048 739.994934 737.572021 734.740173 731.970032 719.199463 720.020874 725.986206 736.051697 746.060669 764.680603 776.357422 789.965027 803.155151 815.134766 825.855896 836.853271 845.845093 849.333130 849.278137 847.828979 844.869629 839.391541 825.043030 828.205017 831.361938 834.848633 838.920288 840.616577 834.624878 822.905457 812.716736 804.754883 795.172546 783.405579 772.093994 764.173340 755.708069 758.306030 768.284241
775.849365 781.570862 786.007446 787.270874 767.038513 755.665161 742.896179 737.307068 741.707764 748.878174 752.999573 752.625244 745.310852 723.155151 720.742798 723.110657 723.855408 723.088013 722.070251 720.947571 719.199463 720.020874 729.407043 742.109436 754.012817 764.743408 784.573669 794.819275 805.675293 814.818848 821.762634 831.321289 840.581116 843.896729 841.999084 837.322693 832.828491 828.650635 825.043030 828.205017 819.179565 820.865295 822.194519 821.467529 816.799927 807.505737 798.239685 792.293701 787.261169 780.150879 770.252563 760.085510 751.819824 748.737244 757.558289
755.595398 763.974365 770.944885 772.581909 767.038513 755.665161 727.499573 721.980042 725.508850 731.745911 736.824585 738.306580 732.097412 711.276245 708.950806 709.215271 709.672852 710.895142 713.318298 715.849976 717.577820 721.006897 729.407043 742.109436 775.052551 786.064697 795.614441 811.963501 820.634216 827.849731 832.934265 837.243530 840.097778 840.689026 837.309692 830.847778 825.598083 821.673767 818.333130 816.718994 819.179565 807.999390 807.783752 806.441895 802.063843 793.220703 784.028320 777.888977 774.135681 770.394958 764.135498 755.548828 747.058594 741.938110 751.937439
725.358582 743.399597 752.630920 755.704529 750.550232 739.849548 727.499573 721.980042 708.925964 715.195374 719.606262 720.600220 715.996094 707.598267 699.104797 699.103333 700.429688 705.134766 713.010010 720.851196 727.863098 735.270447 1493.490234 1524.093628 1550.105103 1572.129395 1633.243408 1651.152710 1687.048218 1700.978149 1706.420776 1703.000610 1693.527588 1686.009521 1678.258667 1668.854370 1658.376831 1645.470337 1632.693970 1623.848145 1619.879517 1615.998779 1615.567505 1596.016235 1586.134277 1569.391235 1554.898804 1547.463989 1543.116821 1538.079712 1529.213867 1510.856689 1489.395142 1477.922852 1481.129395
1416.469116 1433.252441 1469.237183 1478.919800 1474.366821 1455.700928 1430.646729 1414.609985 1417.851929 1430.390747 1406.826904 1407.788696 1401.622437 1391.832642 1384.455566 1389.213623 1399.905151 1416.862671 1438.959595 1462.625732 1485.925049 1508.966797 1535.566772 1569.419067 1598.584595 1617.129517 1633.243408 1687.308594 1706.812744 1736.408813 1737.232178 1728.830566 1716.877808 1706.080322 1695.689697 1687.078491 1675.395386 1658.353638 1639.731445 1625.202026 1615.711426 1607.984741 1598.977173 1596.016235 1586.134277 1576.240234 1571.760132 1572.504395 1571.102051 1562.804443 1546.599854 1519.569702 1493.887939 1481.061279 1480.527344
1388.318726 1406.647217 1422.963501 1448.539673 1448.754883 1432.857910 1407.330811 1389.544922 1390.088745 1400.101318 1406.826904 1380.347778 1376.956421 1373.641113 1372.796753 1376.956665 1410.336182 1431.149048 1452.432495 1478.990356 1509.354248 1538.012451 1563.143188 1594.785400 1627.131470 1647.387329 1665.258301 1687.308594 1706.812744 1740.175537 1753.048950 1745.478516 1736.091187 1725.443604 1711.857056 1697.222046 1683.583252 1669.829102 1655.258301 1641.402466 1628.232300 1614.807251 1602.093018 1591.901245 1585.176270 1576.240234 1571.760132 1601.940430 1598.065308 1584.824829 1561.552612 1530.983765 1505.660645 1489.126709 1478.770752
1359.449829 1377.730957 1393.563354 1405.995483 1417.062012 1405.699341 1383.153320 1368.443970 1367.883667 1373.966797 1379.515503 1380.347778 1376.956421 1360.973877 1367.121460 1377.028687 1395.318115 1439.134155 1458.908569 1483.951294 1518.073364 1550.198486 1573.858765 1600.282471 1631.863770 1657.836914 1680.058960 1701.983398 1721.916870 1740.175537 1752.295776 1753.140625 1745.444214 1735.872192 1721.796509 1703.075562 1689.337769 1682.660278 1676.408569 1665.187988 1649.272461 1632.010010 1616.232422 1608.062256 1600.863525 1597.260986 1598.824097 1601.940430 1598.065308 1596.096191 1572.071289 1543.635864 1518.255005 1495.385376 1473.907593
1338.786133 1351.828369 1363.603882 1372.737671 1379.357666 1374.604370 1359.475464 1351.133057 1350.848999 1354.536377 1358.529663 1359.420410 1358.773071 1360.973877 1367.121460 1392.046387 1412.736328 1431.576416 1466.152710 1487.955566 1519.750610 1550.545654 1574.861450 1598.440063 1626.032593 1653.531250 1678.185791 1698.702271 1716.800415 1734.541260 1749.953003 1753.140625 1745.444214 1741.087402 1729.482300 1714.612549 1704.021606 1700.121582 1696.895386 1685.753296 1668.793701 1654.689941 1644.016357 1637.074829 1630.976318 1618.139404 1618.940674 1620.537598 1612.759277 1596.096191 1572.071289 1559.346191 1530.197021 1501.177124 1472.922607
1337.676147 1337.924194 1337.680054 1340.925781 1346.109131 1347.542603 1340.044434 1337.735718 1338.621460 1340.723877 1344.664795 1348.754639 1353.446411 1360.773438 1373.206177 1392.046387 1412.736328 1457.774292 1473.377075 1508.131104 1530.061279 1552.387207 1574.262329 1596.662842 1620.348511 1643.997559 1666.916992 1686.079224 1701.776245 1716.563843 1734.542358 1749.572632 1749.052002 1741.087402 1729.482300 1729.963257 1725.882202 1722.426758 1718.859375 1709.130615 1693.838989 1682.218262 1675.091553 1667.152466 1655.682007 1642.923462 1634.781982 1635.198975 1627.464478 1610.783325 1587.367554 1559.346191 1530.197021 1509.439941 1477.277466
1337.676147 1340.103271 1327.156494 1322.614624 1324.916382 1329.264038 1324.941284 1324.786499 1326.595703 1328.138306 1332.747803 1343.225342 1360.619629 1381.473755 1402.869751 1426.614624 1444.649414 1457.774292 1473.377075 1520.041992 1554.011719 1567.885010 1583.006470 1598.793701 1614.834473 1633.403564 1652.714600 1670.852539 1685.648560 1699.178345 1719.492310 1741.052246 1751.900269 1743.042114 1735.221802 1729.963257 1725.882202 1747.410034 1744.833374 1737.030151 1722.969604 1708.662598 1698.588867 1688.066650 1675.245483 1661.688843 1652.972778 1649.466431 1640.872070 1623.295288 1600.835938 1573.385742 1541.885498 1509.439941 1477.277466
1353.343140 1340.103271 1327.156494 660.571228 658.065552 1316.112915 1315.376587 1314.529785 1316.205933 1318.369141 1325.567261 1344.097168 1376.300049 1409.374756 1436.818970 1461.759033 1477.995483 1487.593872 1500.940063 1520.041992 1538.626099 1595.284180 1605.667480 1613.313232 1623.705811 1638.804199 1653.657837 1668.950928 1681.851685 1694.399902 1714.868652 1735.229736 1745.295654 1744.979370 1739.066650 1743.550293 1746.962280 1747.410034 1744.833374 1759.360596 1749.367065 1735.972412 1719.383789 1702.632812 1689.890503 1679.874268 1674.101562 1671.268188 1651.428101 1629.646362 1606.948975 1580.978638 1547.856079 1511.717651 1476.643188
1371.028076 1353.465576 1335.125000 1321.142456 1316.131104 1310.095703 1309.141357 1307.778320 1311.287109 1316.894897 1329.410034 676.395630 694.846069 1426.244873 1453.802612 1478.727417 1498.391479 1510.855957 1525.033569 1546.228027 1567.238037 1582.828857 1605.667480 1629.034058 1642.415283 1656.328613 1668.518555 1680.700195 1690.361206 1697.969238 1710.671143 1723.676880 1729.681763 1728.836914 1726.997559 1743.606323 1754.289551 1762.325317 1764.093140 1759.360596 1749.367065 1760.242676 1739.873291 1718.786499 1704.880493 1697.216919 1693.261353 1690.087036 1681.559204 1639.304321 1615.898193 1589.335327 1553.206787 1510.978394 1470.843750
1382.278198 1364.283569 1344.807495 1325.331909 1313.609253 1310.095703 1309.141357 1307.021362 1304.903931 1315.339478 1332.828979 1358.798096 1392.919922 1427.398804 1454.487305 1479.608521 1505.568604 1527.019653 1545.436523 782.927429 793.442322 1603.206299 1613.566528 1629.034058 1642.415283 1656.124878 1669.878174 1682.563232 1690.071289 1691.170532 1693.377197 1699.625244 1703.972900 1705.422485 1708.350098 1717.795654 1747.448608 1763.369751 1771.621216 1772.359131 1770.267700 1760.242676 1754.901611 1738.378174 1726.287354 1718.170166 1711.025269 1705.054688 1696.052734 1677.852539 1626.575439 1597.399292 1563.331055 1522.243286 1483.428467
1387.609497 1368.990723 1352.640991 1335.913574 1323.185303 1316.340698 1311.917603 1307.021362 1304.903931 1300.583008 1327.078125 1355.224365 1387.097290 1415.939453 1441.296875 1469.883667 1503.748169 1532.817261 1552.806885 1568.804199 1585.514160 1599.373169 1604.648438 1622.467285 1639.901489 1656.124878 1669.878174 832.959412 835.723328 1667.596558 1661.396484 1662.473755 1669.621826 1679.615845 1691.340454 1707.351807 1725.556274 1762.438721 1772.176025 1774.850098 1776.247925 1770.045776 1754.901611 1738.378174 1747.351807 1739.337036 1727.868652 1716.060181 1704.609619 1687.543701 1631.180176 1600.640747 1570.743164 1539.592773 1512.980957
1397.000244 1381.473755 1371.965210 1360.893066 1349.846924 1338.385620 1325.653076 1312.093994 1302.798828 1300.583008 1307.997070 1343.012207 1372.891602 1399.480957 1424.848633 1454.272827 1489.246704 1522.014526 1542.861938 1554.775757 1566.816040 1576.619751 1581.229858 1586.418945 1615.992065 1636.844971 1653.273682 1665.918823 1640.111450 1634.257690 1627.387573 1628.745117 1642.146729 1663.790283 1685.438721 853.841431 865.098022 1750.758423 1770.721680 1768.925049 1768.858276 1767.908691 1761.475830 1753.792358 1747.351807 1739.337036 1739.766968 1722.037476 1704.275757 1683.811646 1657.347534 1602.462646 1578.874878 1557.459595 1540.272217
1421.829102 1410.172485 1401.522339 1390.142456 1376.609985 1363.501709 1346.640259 1324.704834 1306.150391 1297.784668 1301.560791 1316.961182 1372.891602 1381.427490 1410.794312 1441.945679 1473.068115 1501.792480 1520.710693 1531.340210 1540.749146 1548.462646 1553.713989 1558.251709 1566.796509 1606.545654 1626.399292 1638.170532 1640.111450 1634.257690 1603.908203 1612.307495 1632.604614 1662.598145 1690.139526 1714.559082 1737.460938 1755.197754 1764.867065 1757.419312 1757.712769 1763.643433 1764.215820 881.102478 880.389404 1754.058472 1739.766968 1722.037476 1701.170898 1678.088745 1652.106689 1627.666870 1595.520996 1584.500610 1574.326050
1453.701416 1437.336792 1418.374268 1398.597168 1383.093872 1373.104248 1357.660889 1332.675415 1310.530884 1299.271118 1296.932861 1304.948608 1326.221191 1381.427490 1399.694824 1432.504639 1458.838379 1477.057739 1489.569214 1498.327271 1504.408569 1508.551880 1514.845581 1524.717896 1535.685059 1551.633057 1594.605225 1606.551270 1607.305420 1603.482910 1603.908203 1612.307495 1633.516113 1666.020264 1692.305786 1713.826172 1732.717285 1744.001831 1748.649048 1746.955566 1745.855347 1758.579224 1767.077881 1768.667603 1769.110962 1763.582764 1747.545166 1724.419434 1701.170898 1678.088745 1661.489136 1642.027466 814.266052 808.762939 1611.874756
1475.036133 1448.328979 1414.690308 1387.480103 1373.431885 1364.367188 1349.198608 1325.050659 1305.436523 1295.703125 1290.242676 1293.833740 1310.086060 1336.143188 1399.694824 1432.504639 1436.253052 1449.914551 1460.661621 1466.654785 1469.352051 1470.616699 1477.655884 1492.636719 1509.918823 1529.314453 1551.562500 1581.800293 1582.234253 1581.282959 1589.128418 1606.308472 1633.516113 1666.020264 1687.517822 1702.301392 1715.594604 1724.627686 1729.154297 1729.121338 1727.639038 1749.013184 1764.814331 1770.931885 1771.668213 1766.497925 1748.528687 1722.573730 1699.309204 1680.643921 1661.489136 1642.027466 1655.841187 1653.351074 1639.952637
1498.367554 1447.851196 1409.036743 1379.694702 1361.450684 1347.343628 1332.312866 1313.240601 1296.093262 1287.815674 1285.408691 1287.469727 1297.348145 1318.779053 1348.822754 1417.142944 1436.253052 1449.914551 1436.254517 1444.325928 1450.010742 1455.197266 1463.665283 1479.243164 1501.219482 1523.635498 1543.799805 1559.291748 1560.935059 1564.360596 1579.340210 1602.923218 1634.628296 1666.092773 1687.517822 1702.301392 1697.364014 1706.121948 1711.790894 1711.901611 1712.449951 1736.969604 1754.144165 1761.975830 1760.348145 1752.895142 1737.520874 1716.512939 1697.866943 1686.055908 1675.676392 1663.230103 1655.841187 1653.351074 1668.565308
1498.367554 1479.320068 1407.645264 1378.162354 1353.245728 1334.164429 1320.085693 1306.716797 1293.825806 1287.119263 1284.648926 1282.122559 1284.823364 1298.854248 1326.457520 1394.926270 1410.779541 1424.032104 1436.254517 1444.325928 1443.923584 1455.281738 1467.038696 1483.161499 1501.341431 1520.387085 1537.186646 1545.742065 1543.500854 1552.972046 1573.555664 1599.696899 1632.825562 1663.348633 1681.046875 1689.484131 1697.364014 1706.121948 1690.905151 1690.055298 1693.219238 1706.942139 1740.124512 1745.508911 1739.314209 1727.953247 1718.421997 1707.389893 1695.572144 1688.574585 1684.098022 1679.566406 1678.623169 1677.362549 1668.565308
1497.094116 1474.627441 1443.244385 1378.162354 1347.211182 1325.939209 1312.737427 1304.150635 1296.589355 1290.320068 1284.957153 1280.061279 1279.623047 1289.527832 1314.861694 1348.881836 1387.358032 1398.925049 1413.968750 1430.002319 1443.923584 1455.281738 1470.658325 1483.257202 1494.352783 1507.188232 1518.928711 1522.218506 1520.056763 1524.380005 1571.135498 1599.075195 1628.819946 1654.105469 1666.147827 1669.953979 1676.528687 1686.073120 1690.905151 1690.055298 1672.872803 1691.709961 1712.217041 1730.734863 1722.837891 1709.837891 1700.050537 1691.032104 1683.537109 1681.796997 1682.854248 1683.664307 1684.484497 1682.007446 1671.885254
