cscripts/mdenoise/my_dem_utm_out.asc
ncols          177
nrows          161
xllcorner      1089342.737913
yllcorner      3779872.173748
cellsize       27.719568
NODATA_value   0.000000
[rows 120 to 143 of 161, columns 110 to 164 of 177]
1044.835083 1046.383545 1046.622925 1045.419067 1044.003052 1043.727173 1043.907471 1043.954590 1043.318726 1038.876709 1035.565552 1034.923096 1033.214111 1031.129639 1029.679688 1028.805908 1027.162231 1023.888367 1020.925720 1020.302856 1020.767822 1020.488159 1019.049927 1016.968689 1012.582397 1010.861450 1003.576477 1001.114441 999.395935 997.737610 994.508057 990.882507 494.037079 493.480774 986.732971 985.117798 982.280762 979.039673 977.638977 975.245300 973.452454 972.703430 971.473389 970.125916 964.156372 963.800415 965.168823 966.928650 967.954285 968.513916 970.628784 974.384460 974.601379 974.997681 975.555481
1041.088623 1042.749756 1043.660767 1042.913574 1041.274048 1040.399292 1040.153198 1039.948364 1040.067993 1038.876709 1032.802612 1032.534058 1031.262085 1029.574341 1028.532715 1027.532959 1025.417358 1021.813538 1019.473450 1018.887329 1018.289734 1016.521667 1014.142761 1011.672729 1009.185730 1006.022156 1003.576477 1001.114441 999.903320 998.050598 994.757263 991.613037 988.643921 986.428467 985.134888 983.060120 981.400269 980.790771 977.821838 975.296326 972.892700 485.522125 484.319366 966.161682 964.156372 963.800415 963.011230 963.357239 964.040039 964.627075 966.377136 969.148132 972.675049 973.682312 974.148499
1038.190186 1040.008789 1041.621216 1040.994995 1039.377441 1038.394409 1037.533447 1036.282349 1035.544556 1034.522217 1032.802612 1032.201050 1029.666992 1028.615479 1028.081543 1026.963013 1024.651611 1021.006653 1018.743103 1017.059204 1014.294373 1011.325134 1008.669861 1005.606323 1003.216675 1002.310608 999.886841 1000.219666 999.903320 998.050598 993.762329 991.082336 987.987732 984.968079 982.551575 981.102600 981.122070 981.120728 979.645508 974.422974 971.245544 968.690735 966.129822 963.530151 962.007568 962.202942 963.011230 963.357239 961.699768 962.287231 481.768829 482.944336 967.648682 969.420959 969.384583
1037.199463 1039.223877 1040.406494 1038.780151 1037.131714 1036.052490 1034.527588 1032.536133 1030.645752 1029.283569 1028.812622 1029.325439 1030.279541 1028.615479 1024.734131 1024.322754 1023.081665 1020.299805 1017.194946 1013.208435 1009.229126 1006.651001 1004.942932 1002.643250 999.685608 998.537109 997.744690 997.280396 998.119019 996.661194 993.762329 991.082336 986.021545 982.822876 980.319153 979.514221 980.259155 980.289246 978.099304 974.422180 970.209290 968.542236 965.913208 963.460938 963.182007 963.823303 962.861755 961.522766 961.699768 962.287231 962.033813 963.188416 963.790405 963.826416 963.619385
1036.738281 1036.755615 1036.046753 1034.553467 1033.944702 1033.278442 1031.595581 1029.408203 1027.295898 1025.428711 1025.198364 1026.442017 1027.524048 1026.966187 1024.734131 1024.322754 1018.166382 1016.452454 1013.016479 1008.074280 1003.925903 1002.523315 1002.531494 1001.271118 998.119751 995.833984 994.026306 991.697815 993.274719 993.489319 991.607727 989.299194 986.021545 982.822876 980.101929 979.303528 979.565979 979.067383 976.680725 972.855957 970.980774 970.208801 966.988892 964.136902 964.096313 964.361023 962.733887 961.009277 960.438843 960.957764 962.033813 963.188416 960.738281 960.646179 960.144287
1037.266479 1032.573608 1030.412476 1029.733398 1029.978638 1029.951294 1028.662842 1026.421753 1024.841064 1023.318665 1022.064331 1022.957214 1024.092163 1023.063049 1021.128479 1019.086792 1018.166382 1016.452454 1007.245056 1003.186707 1000.066895 999.855713 1000.554504 999.401855 996.161377 993.095703 990.099243 987.285156 989.919617 990.949524 989.549255 987.132263 984.322144 982.110046 980.101929 979.303528 976.898682 975.816833 974.102905 972.303528 970.773682 969.552429 964.751526 962.670654 960.763672 958.963745 957.463196 956.807190 957.193054 958.642395 959.656738 960.230530 960.738281 960.646179 957.922058
1037.266479 1035.380859 1027.352783 1026.425781 1025.985474 1025.772339 1025.227783 1024.069580 1022.955627 1020.879883 1019.001038 1019.353638 1020.081909 1019.028259 1016.382019 1013.858643 1011.281311 1010.205933 1007.245056 1003.186707 998.656189 997.894531 997.677612 996.631042 993.913635 990.760620 987.624817 984.720520 983.764648 984.808105 984.174744 982.942444 981.832642 980.779663 978.755676 977.326599 976.898682 975.816833 970.494812 969.997559 968.852478 966.153320 962.179565 958.433044 956.198730 953.893188 951.862061 952.093994 954.321899 956.444397 957.055847 957.254944 957.903992 957.992188 957.922058
1037.473999 1033.679688 1029.553345 1026.425781 1022.976929 1021.411682 1021.272583 1021.376648 1020.289978 1017.669373 1015.682007 1015.460022 1015.713196 1014.565125 1011.211487 1008.453064 1006.873840 1004.069031 1002.510803 1000.748962 998.656189 997.894531 995.944397 995.002319 992.877014 989.721741 986.615906 984.104736 981.715332 979.561890 978.827698 978.979431 978.148987 976.782654 974.230164 972.231018 972.209656 971.558044 970.494812 969.997559 966.200073 963.994934 960.687012 957.642395 953.787842 953.534302 952.302063 952.046631 954.062317 955.836182 955.335083 953.969238 953.798279 954.019958 953.513367
1037.288574 1034.553711 1031.823120 1029.340942 1022.976929 1021.411682 1019.656433 1018.918945 1017.537964 1015.421326 1013.341003 1012.497925 1012.182495 1010.687988 1008.485962 1007.255615 1006.567017 1004.939758 1001.784363 1000.822266 998.720825 996.783447 995.944397 995.002319 994.159363 991.009705 987.954956 985.908997 982.830994 979.840088 978.129822 977.865601 975.537537 972.606445 969.662964 968.316406 969.443604 969.793884 968.643677 967.678772 966.200073 962.533997 960.382629 957.617859 954.528625 954.463745 954.335510 953.337708 953.694031 954.446411 953.356445 951.318481 950.563538 950.222534 948.742432
1037.176025 1036.398315 1035.312866 1031.993408 1026.680054 1020.375366 1019.656433 1018.918945 1018.079651 1015.571045 1014.107117 1013.663940 1012.694214 1010.302490 1009.006531 1009.186157 1009.251282 1008.199524 1006.202454 1001.692688 999.607666 998.042480 997.116272 996.206543 994.159363 993.073669 990.516663 988.460632 985.290771 982.169983 980.248840 979.027893 974.128479 970.029053 967.504211 966.217896 967.128479 968.242310 967.618652 966.500183 964.500366 962.533997 960.382629 956.856934 954.381042 953.670044 954.066467 952.970154 952.496460 952.094482 951.091736 949.519409 948.066162 946.612549 945.091370
1038.751099 1038.013062 1036.066528 1032.736450 1028.270874 1024.591553 1022.200684 1020.649231 1018.079651 1015.571045 1018.071533 1017.773132 1016.718567 1013.596191 1011.293091 1011.160034 1010.949707 1009.546570 1007.091980 1002.472595 1001.383667 1000.363159 999.526794 998.635071 996.123291 993.073669 990.516663 988.579590 985.787781 982.596252 981.118042 979.645569 977.063293 969.174805 967.645142 966.254272 966.125183 966.899414 966.406250 965.308289 963.228210 960.815613 958.911926 956.856934 954.381042 951.613831 951.519714 949.686768 949.703674 949.237122 948.263000 946.674500 944.511353 942.378906 941.372314
1040.034790 1038.691528 1036.108643 1033.356812 1030.533203 1027.822388 1025.877563 1024.339478 1021.488403 1018.922485 1018.071533 1021.377869 1019.812988 1016.560364 1014.028442 1013.217957 1012.365356 1009.833862 1006.269348 1003.422119 1002.718811 1001.721497 1000.310974 998.421936 995.456543 992.473938 990.070068 988.579590 985.787781 981.986572 980.970337 979.342102 976.102295 972.393250 969.195496 968.258301 966.852722 966.536743 966.093750 965.032349 962.890808 959.834717 957.440491 955.578369 953.230042 951.613831 951.519714 946.129456 946.327515 945.963196 944.524109 942.501770 940.817444 939.572388 939.077942
1039.419556 1037.572021 1035.496948 1033.838379 1032.191528 1030.108765 1028.207153 1027.437744 1025.240845 1023.566711 1022.168518 1021.377869 1019.812988 1017.392395 1015.827332 1014.898254 1013.430664 1010.741516 1007.020447 1004.027771 1002.836121 1001.622375 999.524292 996.527588 993.568848 990.585876 987.722961 986.328979 984.163696 981.986572 980.970337 980.043945 977.429504 974.947937 973.129150 969.379578 967.369202 966.964478 967.072021 966.119202 963.963440 960.745544 958.156372 956.073059 952.538208 949.302612 948.202820 946.949585 946.327515 943.943909 941.544739 939.141418 938.258972 938.789551 939.231934
1039.529541 1037.130859 1035.796631 1035.396851 1034.420410 1032.394287 1029.912231 1028.115356 1027.361206 1025.762085 1023.678467 1022.160095 1020.046570 1017.392395 1015.827332 1015.922974 1013.941223 1011.362915 1008.705872 1006.124878 1004.213623 1003.000610 1000.563416 997.349548 993.788147 990.760559 987.677307 985.249573 983.871826 983.329590 982.201538 980.043945 977.429504 977.941895 974.928040 971.394104 967.859253 967.976562 968.139221 966.690369 963.696106 961.213318 960.085999 958.286377 954.396057 950.316223 948.076111 946.286865 945.009521 943.943909 941.544739 936.767395 936.173889 937.523071 938.045044
1041.254761 1038.260864 1037.072388 1036.897827 1035.547241 1033.011963 1029.900513 1027.488647 1026.719116 1026.336670 1023.162598 1021.578369 1019.998047 1018.381165 1016.900635 1015.922974 1013.941223 1011.692505 1009.240967 1007.333923 1005.424072 1003.652649 1002.438599 998.255554 994.489014 991.309204 988.579041 986.073669 985.267517 984.942566 983.959473 982.396729 980.407593 977.941895 974.928040 970.819458 969.323853 969.570801 969.157227 966.551270 962.515808 960.258057 960.030762 959.416199 956.464111 952.723816 949.816589 947.469299 946.155090 945.328003 940.196106 936.767395 936.173889 935.145081 934.817200
1041.254761 1041.281006 1039.501709 1038.297852 1035.922852 1032.869507 1029.786621 1027.814453 1026.920532 1025.949829 1022.756653 1021.778320 1020.803772 1019.336304 1017.957886 1016.975342 1014.796631 1011.692505 1009.240967 1008.453796 1006.095642 1003.715271 1001.337463 998.980652 994.149719 991.407593 989.697083 988.096863 986.742004 985.580627 984.917603 983.996033 981.403381 977.728699 973.984314 970.819458 969.323853 970.693970 969.838623 966.537354 962.226868 959.376404 958.804443 958.452576 956.330750 953.666870 950.141418 946.916748 946.202332 945.260498 943.034485 935.492859 934.784607 935.145081 934.817200
1044.361572 1041.281006 1039.501709 1039.330933 1036.415283 1033.408325 1030.834473 1028.859985 1027.902466 1026.823853 1025.586426 1023.343262 1021.907227 1020.135193 1018.881226 1017.483459 1015.396179 1013.222778 1010.768005 1008.453796 1006.095642 1002.492737 999.969543 997.515259 995.604004 992.023010 991.442261 990.331665 988.318359 986.060913 984.426514 982.603577 979.517822 976.246338 973.501587 971.879333 970.935181 970.693970 969.838623 966.340027 963.003906 960.445129 959.105286 957.791382 956.293640 953.627625 949.010559 945.165100 943.596313 942.744873 940.969666 937.986877 934.333679 933.617126 932.930908
1046.698975 522.054199 520.832153 1039.330933 1036.415283 1033.425903 1031.405762 1029.414062 1028.476196 1027.912231 1027.321289 1027.631592 1024.731323 1022.253174 1019.519043 1017.346375 1016.151184 1015.203552 1012.597290 1009.021484 1005.475159 1002.492737 999.969543 998.137390 995.688477 993.358765 992.701477 991.678223 989.541077 986.441895 983.029663 980.129639 977.167236 975.134705 974.078003 973.057983 971.665771 970.952087 970.666138 966.340027 963.003906 960.762939 958.825928 957.490784 956.498779 953.704590 948.775879 944.092590 941.352844 940.173889 939.652771 938.374878 936.709045 934.465759 932.738159
1047.741943 1045.225830 1042.696289 1039.695435 1036.280640 1033.425903 1031.405762 1029.628174 1028.782715 1028.456543 514.556824 515.068420 1029.916626 1025.261108 1021.189819 1017.598328 1016.650940 1015.277283 1011.529358 1007.757751 1004.614929 1002.113159 1000.140137 998.137390 995.688477 994.150757 992.937195 991.834473 989.730652 986.511963 982.885437 979.802551 976.788391 974.961304 974.692993 973.849976 971.999634 970.653992 969.204712 967.145386 962.847717 960.762939 957.977783 956.612488 955.247314 953.038879 949.439941 944.947937 941.840942 940.091614 939.929688 940.099182 939.128418 937.644836 932.119629
1051.919067 1046.297241 1044.229370 1041.034058 1036.897461 1033.427002 1031.016235 1029.628174 1028.782715 1029.322021 1030.147705 1030.854248 1030.874268 1030.237671 1024.611572 1019.537170 1016.376526 1013.965576 505.365631 504.266907 1006.446289 1004.029480 1002.158752 1000.172546 997.097290 994.150757 994.101685 993.316284 989.271301 986.215271 983.641357 980.487061 977.431885 976.019714 975.219543 973.386047 970.492065 968.166626 966.758606 965.663757 964.036438 959.921509 957.977783 956.612488 953.078308 951.051331 949.281738 946.769470 943.957336 941.998352 941.389587 941.236816 939.325439 936.796387 934.134338
1052.409790 1047.597778 1045.507690 1042.725586 1038.846802 1035.125488 1032.706665 1031.880493 1030.521118 1029.322021 1030.147705 1031.063599 1031.213623 1030.759521 1029.200439 1020.385010 1015.847107 1013.505493 1012.557678 1011.937500 1009.206909 1005.692200 1003.375000 1001.464417 998.386841 995.389465 497.050842 496.658142 990.879822 985.690796 983.208191 979.700012 977.357483 977.010132 975.927612 972.640991 967.982605 965.209900 964.576477 964.293762 963.258484 961.129456 956.977539 955.023193 953.078308 951.051331 948.784302 947.683594 946.008179 944.482849 943.161621 941.329102 938.307434 935.729797 933.681396
1051.141235 1049.069092 1045.880249 1043.608276 1040.811768 1038.159058 1036.636597 1035.220215 1032.781250 1030.954468 1030.799438 1031.063599 1030.718750 1029.599976 1027.379761 1024.012207 1015.535278 1013.760132 1013.566406 1013.043884 1009.768555 1006.573303 1004.116760 1001.731262 998.716919 995.788574 994.467834 993.014343 990.879822 988.209534 982.433716 978.440796 976.244568 975.642944 487.346436 486.068817 967.598633 964.667603 963.616821 962.550171 961.184875 959.070251 956.958252 953.720154 951.104248 949.180786 948.784302 947.683594 946.541321 945.601013 943.520752 939.923279 936.886597 935.400513 933.935120
1049.416016 1047.035034 1046.122681 1043.396240 1041.750977 1039.723022 1038.239258 1036.231567 1033.272217 1031.460449 1030.797485 1030.619751 1030.718750 1029.599976 1025.014771 1022.635498 1018.732971 1013.369324 1012.646973 1011.247498 1008.682495 1006.645691 1004.608704 1001.519653 997.889404 994.846558 992.889709 990.900024 989.359375 988.223755 982.433716 978.440796 975.756409 973.610046 972.330933 971.162842 969.166260 966.430481 963.602661 960.890137 958.668884 957.216492 477.818665 477.282501 950.762939 949.422241 949.190918 947.878052 946.541321 945.601013 941.495117 937.739807 935.223816 934.395691 932.971802
1048.200928 1045.685425 1044.280762 1043.376831 1041.758423 1039.124512 1037.144653 1035.156006 1032.150146 1029.852539 1028.221436 1027.122314 1026.865112 1026.288574 1025.014771 1022.635498 1017.895813 1014.207397 1011.023438 1009.196106 1007.169495 1004.725525 1002.260254 999.127319 995.944641 993.716858 991.541504 989.531311 988.770081 988.858521 986.633728 978.631226 975.756409 973.610046 971.392456 971.192566 971.612183 969.252808 964.991272 960.994324 958.283813 957.048523 956.125061 955.557373 954.438904 951.064148 949.763611 947.322021 944.982666 943.640503 470.747559 468.869904 934.914185 933.620300 931.814880
